title:wishlist for d2


//The Hero's Burden
dimwishlist:item=1865351684&perks=3151536501,2420895100,2039302152,1015611457
dimwishlist:item=1865351684&perks=3151536501,2420895100,2039302152,1890422124
dimwishlist:item=1865351684&perks=3151536501,2420895100,2039302152,4071163871
dimwishlist:item=1865351684&perks=3151536501,2420895100,2387244414,1015611457
dimwishlist:item=1865351684&perks=3151536501,2420895100,2387244414,1890422124
dimwishlist:item=1865351684&perks=3151536501,2420895100,2387244414,4071163871
dimwishlist:item=1865351684&perks=3151536501,2420895100,588594999,1015611457
dimwishlist:item=1865351684&perks=3151536501,2420895100,588594999,1890422124
dimwishlist:item=1865351684&perks=3151536501,2420895100,588594999,4071163871
dimwishlist:item=1865351684&perks=3151536501,1431678320,2039302152,1015611457
dimwishlist:item=1865351684&perks=3151536501,1431678320,2039302152,1890422124
dimwishlist:item=1865351684&perks=3151536501,1431678320,2039302152,4071163871
dimwishlist:item=1865351684&perks=3151536501,1431678320,2387244414,1015611457
dimwishlist:item=1865351684&perks=3151536501,1431678320,2387244414,1890422124
dimwishlist:item=1865351684&perks=3151536501,1431678320,2387244414,4071163871
dimwishlist:item=1865351684&perks=3151536501,1431678320,588594999,1015611457
dimwishlist:item=1865351684&perks=3151536501,1431678320,588594999,1890422124
dimwishlist:item=1865351684&perks=3151536501,1431678320,588594999,4071163871
dimwishlist:item=1865351684&perks=3151536501,1087426260,2039302152,1015611457
dimwishlist:item=1865351684&perks=3151536501,1087426260,2039302152,1890422124
dimwishlist:item=1865351684&perks=3151536501,1087426260,2039302152,4071163871
dimwishlist:item=1865351684&perks=3151536501,1087426260,2387244414,1015611457
dimwishlist:item=1865351684&perks=3151536501,1087426260,2387244414,1890422124
dimwishlist:item=1865351684&perks=3151536501,1087426260,2387244414,4071163871
dimwishlist:item=1865351684&perks=3151536501,1087426260,588594999,1015611457
dimwishlist:item=1865351684&perks=3151536501,1087426260,588594999,1890422124
dimwishlist:item=1865351684&perks=3151536501,1087426260,588594999,4071163871
dimwishlist:item=1865351684&perks=3151536501,1561002382,2039302152,1015611457
dimwishlist:item=1865351684&perks=3151536501,1561002382,2039302152,1890422124
dimwishlist:item=1865351684&perks=3151536501,1561002382,2039302152,4071163871
dimwishlist:item=1865351684&perks=3151536501,1561002382,2387244414,1015611457
dimwishlist:item=1865351684&perks=3151536501,1561002382,2387244414,1890422124
dimwishlist:item=1865351684&perks=3151536501,1561002382,2387244414,4071163871
dimwishlist:item=1865351684&perks=3151536501,1561002382,588594999,1015611457
dimwishlist:item=1865351684&perks=3151536501,1561002382,588594999,1890422124
dimwishlist:item=1865351684&perks=3151536501,1561002382,588594999,4071163871
dimwishlist:item=1865351684&perks=3151536501,1885400500,2039302152,1015611457
dimwishlist:item=1865351684&perks=3151536501,1885400500,2039302152,1890422124
dimwishlist:item=1865351684&perks=3151536501,1885400500,2039302152,4071163871
dimwishlist:item=1865351684&perks=3151536501,1885400500,2387244414,1015611457
dimwishlist:item=1865351684&perks=3151536501,1885400500,2387244414,1890422124
dimwishlist:item=1865351684&perks=3151536501,1885400500,2387244414,4071163871
dimwishlist:item=1865351684&perks=3151536501,1885400500,588594999,1015611457
dimwishlist:item=1865351684&perks=3151536501,1885400500,588594999,1890422124
dimwishlist:item=1865351684&perks=3151536501,1885400500,588594999,4071163871
dimwishlist:item=1865351684&perks=3151536500,2420895100,2039302152,1015611457
dimwishlist:item=1865351684&perks=3151536500,2420895100,2039302152,1890422124
dimwishlist:item=1865351684&perks=3151536500,2420895100,2039302152,4071163871
dimwishlist:item=1865351684&perks=3151536500,2420895100,2387244414,1015611457
dimwishlist:item=1865351684&perks=3151536500,2420895100,2387244414,1890422124
dimwishlist:item=1865351684&perks=3151536500,2420895100,2387244414,4071163871
dimwishlist:item=1865351684&perks=3151536500,2420895100,588594999,1015611457
dimwishlist:item=1865351684&perks=3151536500,2420895100,588594999,1890422124
dimwishlist:item=1865351684&perks=3151536500,2420895100,588594999,4071163871
dimwishlist:item=1865351684&perks=3151536500,1431678320,2039302152,1015611457
dimwishlist:item=1865351684&perks=3151536500,1431678320,2039302152,1890422124
dimwishlist:item=1865351684&perks=3151536500,1431678320,2039302152,4071163871
dimwishlist:item=1865351684&perks=3151536500,1431678320,2387244414,1015611457
dimwishlist:item=1865351684&perks=3151536500,1431678320,2387244414,1890422124
dimwishlist:item=1865351684&perks=3151536500,1431678320,2387244414,4071163871
dimwishlist:item=1865351684&perks=3151536500,1431678320,588594999,1015611457
dimwishlist:item=1865351684&perks=3151536500,1431678320,588594999,1890422124
dimwishlist:item=1865351684&perks=3151536500,1431678320,588594999,4071163871
dimwishlist:item=1865351684&perks=3151536500,1087426260,2039302152,1015611457
dimwishlist:item=1865351684&perks=3151536500,1087426260,2039302152,1890422124
dimwishlist:item=1865351684&perks=3151536500,1087426260,2039302152,4071163871
dimwishlist:item=1865351684&perks=3151536500,1087426260,2387244414,1015611457
dimwishlist:item=1865351684&perks=3151536500,1087426260,2387244414,1890422124
dimwishlist:item=1865351684&perks=3151536500,1087426260,2387244414,4071163871
dimwishlist:item=1865351684&perks=3151536500,1087426260,588594999,1015611457
dimwishlist:item=1865351684&perks=3151536500,1087426260,588594999,1890422124
dimwishlist:item=1865351684&perks=3151536500,1087426260,588594999,4071163871
dimwishlist:item=1865351684&perks=3151536500,1561002382,2039302152,1015611457
dimwishlist:item=1865351684&perks=3151536500,1561002382,2039302152,1890422124
dimwishlist:item=1865351684&perks=3151536500,1561002382,2039302152,4071163871
dimwishlist:item=1865351684&perks=3151536500,1561002382,2387244414,1015611457
dimwishlist:item=1865351684&perks=3151536500,1561002382,2387244414,1890422124
dimwishlist:item=1865351684&perks=3151536500,1561002382,2387244414,4071163871
dimwishlist:item=1865351684&perks=3151536500,1561002382,588594999,1015611457
dimwishlist:item=1865351684&perks=3151536500,1561002382,588594999,1890422124
dimwishlist:item=1865351684&perks=3151536500,1561002382,588594999,4071163871
dimwishlist:item=1865351684&perks=3151536500,1885400500,2039302152,1015611457
dimwishlist:item=1865351684&perks=3151536500,1885400500,2039302152,1890422124
dimwishlist:item=1865351684&perks=3151536500,1885400500,2039302152,4071163871
dimwishlist:item=1865351684&perks=3151536500,1885400500,2387244414,1015611457
dimwishlist:item=1865351684&perks=3151536500,1885400500,2387244414,1890422124
dimwishlist:item=1865351684&perks=3151536500,1885400500,2387244414,4071163871
dimwishlist:item=1865351684&perks=3151536500,1885400500,588594999,1015611457
dimwishlist:item=1865351684&perks=3151536500,1885400500,588594999,1890422124
dimwishlist:item=1865351684&perks=3151536500,1885400500,588594999,4071163871

//Accrued Redemption
dimwishlist:item=4095896073&perks=2801223209,3311977193,2846385770,588594999
dimwishlist:item=4095896073&perks=2801223209,3311977193,2846385770,3425386926
dimwishlist:item=4095896073&perks=2801223209,3311977193,2846385770,247725512
dimwishlist:item=4095896073&perks=2801223209,3311977193,201365942,588594999
dimwishlist:item=4095896073&perks=2801223209,3311977193,201365942,3425386926
dimwishlist:item=4095896073&perks=2801223209,3311977193,201365942,247725512
dimwishlist:item=4095896073&perks=2801223209,3311977193,2866798147,588594999
dimwishlist:item=4095896073&perks=2801223209,3311977193,2866798147,3425386926
dimwishlist:item=4095896073&perks=2801223209,3311977193,2866798147,247725512
dimwishlist:item=4095896073&perks=2801223209,3827198035,2846385770,588594999
dimwishlist:item=4095896073&perks=2801223209,3827198035,2846385770,3425386926
dimwishlist:item=4095896073&perks=2801223209,3827198035,2846385770,247725512
dimwishlist:item=4095896073&perks=2801223209,3827198035,201365942,588594999
dimwishlist:item=4095896073&perks=2801223209,3827198035,201365942,3425386926
dimwishlist:item=4095896073&perks=2801223209,3827198035,201365942,247725512
dimwishlist:item=4095896073&perks=2801223209,3827198035,2866798147,588594999
dimwishlist:item=4095896073&perks=2801223209,3827198035,2866798147,3425386926
dimwishlist:item=4095896073&perks=2801223209,3827198035,2866798147,247725512
dimwishlist:item=4095896073&perks=4067834857,3311977193,2846385770,588594999
dimwishlist:item=4095896073&perks=4067834857,3311977193,2846385770,3425386926
dimwishlist:item=4095896073&perks=4067834857,3311977193,2846385770,247725512
dimwishlist:item=4095896073&perks=4067834857,3311977193,201365942,588594999
dimwishlist:item=4095896073&perks=4067834857,3311977193,201365942,3425386926
dimwishlist:item=4095896073&perks=4067834857,3311977193,201365942,247725512
dimwishlist:item=4095896073&perks=4067834857,3311977193,2866798147,588594999
dimwishlist:item=4095896073&perks=4067834857,3311977193,2866798147,3425386926
dimwishlist:item=4095896073&perks=4067834857,3311977193,2866798147,247725512
dimwishlist:item=4095896073&perks=4067834857,3827198035,2846385770,588594999
dimwishlist:item=4095896073&perks=4067834857,3827198035,2846385770,3425386926
dimwishlist:item=4095896073&perks=4067834857,3827198035,2846385770,247725512
dimwishlist:item=4095896073&perks=4067834857,3827198035,201365942,588594999
dimwishlist:item=4095896073&perks=4067834857,3827198035,201365942,3425386926
dimwishlist:item=4095896073&perks=4067834857,3827198035,201365942,247725512
dimwishlist:item=4095896073&perks=4067834857,3827198035,2866798147,588594999
dimwishlist:item=4095896073&perks=4067834857,3827198035,2866798147,3425386926
dimwishlist:item=4095896073&perks=4067834857,3827198035,2866798147,247725512
dimwishlist:item=4095896073&perks=852209214,3311977193,2846385770,588594999
dimwishlist:item=4095896073&perks=852209214,3311977193,2846385770,3425386926
dimwishlist:item=4095896073&perks=852209214,3311977193,2846385770,247725512
dimwishlist:item=4095896073&perks=852209214,3311977193,201365942,588594999
dimwishlist:item=4095896073&perks=852209214,3311977193,201365942,3425386926
dimwishlist:item=4095896073&perks=852209214,3311977193,201365942,247725512
dimwishlist:item=4095896073&perks=852209214,3311977193,2866798147,588594999
dimwishlist:item=4095896073&perks=852209214,3311977193,2866798147,3425386926
dimwishlist:item=4095896073&perks=852209214,3311977193,2866798147,247725512
dimwishlist:item=4095896073&perks=852209214,3827198035,2846385770,588594999
dimwishlist:item=4095896073&perks=852209214,3827198035,2846385770,3425386926
dimwishlist:item=4095896073&perks=852209214,3827198035,2846385770,247725512
dimwishlist:item=4095896073&perks=852209214,3827198035,201365942,588594999
dimwishlist:item=4095896073&perks=852209214,3827198035,201365942,3425386926
dimwishlist:item=4095896073&perks=852209214,3827198035,201365942,247725512
dimwishlist:item=4095896073&perks=852209214,3827198035,2866798147,588594999
dimwishlist:item=4095896073&perks=852209214,3827198035,2866798147,3425386926
dimwishlist:item=4095896073&perks=852209214,3827198035,2866798147,247725512
